((("150" .
   [1 0 0])
  ("ctx" .
   [1 0 1])
  ("var" .
   [1 0 0])
  ("canvas" .
   [2 0 0 0 0 0])
  ("alen" .
   [1 0 0 0])
  ("connect" .
   [1 0 0 0 0 0 0])
  ("MAXSLEEP" .
   [0 0 0 0 0 0 0 2])
  ("nsec" .
   [3 0 1 1])
  ("for" .
   [1 0 0])
  ("connect_retry" .
   [0 0 0 0 0 0 0 0 0 0 1 0 0])
  ("128" .
   [1 0 0])
  ("define" .
   [2 0 0 0 0 0])
  ("setq" .
   [1 0 0 0])
  ("include" .
   [2 0 0 0 2 0 2])
  ("errno" .
   [5 0 0 0 0])
  ("unistd" .
   [1 0 0 0 0 0])
  ("int" .
   [10 0 0])
  ("initserver" .
   [0 0 0 0 1 0 0 0 0 0])
  ("const" .
   [2 0 0 0 0])
  ("struct" .
   [0 0 0 0 0 2])
  ("sockaddr" .
   [2 0 0 0 0 0 0 0])
  ("socklen_t" .
   [2 0 0 0 0 0 0 0 0])
  ("sockfd" .
   [7 0 0 1 0 1])
  ("err" .
   [5 0 0])
  ("if" .
   [7 0])
  ("socket" .
   [3 0 0 0 0 0])
  ("addr" .
   [3 0 0 0])
  ("return" .
   [7 0 0 0 0 0])
  ("reuse" .
   [2 0 0 0 0])
  ("sizeof" .
   [2 0 0 0 0 0])
  ("goto" .
   [3 0 0 0])
  ("SOCK_STREAM" .
   [1 0 0 0 0 0 0 0 0 0 0])
  ("type" .
   [1 0 0 0])
  ("maxconn" .
   [1 0 0 0 0 0 0])
  ("errout" .
   [3 0 0 0 0 0])
  ("close" .
   [1 0 0 0 0])
  ("sys" .
   [2 0 0])
  ("/usr/bin/" .
   [0 0 0 0 0 1 0 0 0])
  ("/usr/local/" .
   [0 0 0 0 0 0 0 0 1 0 0])
  ("/usr/local/mono/" .
   [0 0 0 0 0 0 0 0 0 0 0 0 1 0 0 0])
  ("/usr/local/mono/bin/" .
   [0 0 0 0 0 0 0 0 0 0 0 0 0 0 0 0 0 1 0 0])
  ("export" .
   [1 0 0 0 0 0])
  ("JAVA_HOME" .
   [1 0 0 0 0 0 0 0 0])
  ("line" .
   [1 0 0 0])
  ("main" .
   [1 0 0 0])
  ("exit" .
   [1 0 0 0])
  ("daemonize" .
   [0 0 0 0 0 1 0 0 0])
  ("printf" .
   [3 0 0 0 0 0])
  ("addrlen" .
   [1 0 0 0 0 0 0])
  ("while" .
   [1 0 0 0 0])
  ("recv" .
   [1 0 0 0])
  ("clfd" .
   [1 0 0 0])
  ("greet" .
   [2 0 0 0 0])
  ("BUFLEN" .
   [1 0 0 0 0 0])
  ("write" .
   [1 0 0 0 0])
  ("STDOUT_FILENO" .
   [0 0 0 0 0 1 0 0 0 0 0 0 0])
  ("DEFINE_H_" .
   [1 0 0 0 0 0 0 0 0])))
